	Name	Latitude	Longitude	Temp	Humidity	Cloudiness	Wind	Country	Date
0	Pisco	-13.7	-76.2167	294.15	78	0	4.63	PE	1620491340
1	Puerto Ayora	-0.7393	-90.3518	300.15	69	40	9.26	EC	1620491341
2	Ushuaia	-54.8	-68.3	280.15	81	0	1.03	AR	1620491089
3	Jamestown	42.097	-79.2353	280.37	70	90	3.09	US	1620491341
4	Chanika	-5.4167	38.0167	293.73	84	89	2.0	TZ	1620491342
5	Mataura	-46.1927	168.8643	286.48	94	95	0.89	NZ	1620491342
6	Constitución	-35.3333	-72.4167	289.12	70	100	1.71	CL	1620491343
7	Takoradze	4.8845	-1.7554	301.5	71	96	5.41	GH	1620491343
8	Vardø	70.3705	31.1107	276.62	78	96	7.66	NO	1620491343
9	Makokou	0.5738	12.8642	295.19	95	100	0.41	GA	1620491344
10	Vaini	-21.2	-175.2	297.15	69	20	5.14	TO	1620491344
11	Geraldton	-28.7667	114.6	286.15	82	0	3.6	AU	1620491345
12	Karasjok	69.4719	25.5112	279.15	61	75	6.69	NO	1620491345
13	Manta	-0.95	-80.7333	303.15	58	0	4.12	EC	1620491346
14	Albany	42.6001	-73.9662	284.15	50	90	2.06	US	1620491109
15	Kurchum	48.5722	83.6542	288.33	44	3	3.97	KZ	1620491346
16	Makat	47.6469	53.3463	295.59	23	6	2.64	KZ	1620491347
17	Te Anau	-45.4167	167.7167	287.58	98	100	0.33	NZ	1620491347
18	La Asuncion	11.0333	-63.8628	300.52	74	70	5.59	VE	1620491104
19	Hithadhoo	-0.6	73.0833	302.76	68	38	0.8	MV	1620491328
20	Avarua	-21.2078	-159.775	296.15	68	75	4.12	CK	1620491349
21	Cape Town	-33.9258	18.4232	292.04	77	20	3.6	ZA	1620491064
22	Atuona	-9.8	-139.0333	299.51	77	49	6.51	PF	1620491350
23	Hermanus	-34.4187	19.2345	289.26	89	63	0.45	ZA	1620491350
24	Erenhot	43.6475	111.9767	285.71	21	88	1.89	CN	1620491351
25	São Félix do Xingu	-6.6447	-51.995	303.89	61	67	1.63	BR	1620491351
26	Punta Arenas	-53.15	-70.9167	282.15	81	0	3.09	CL	1620491304
27	Busselton	-33.65	115.3333	285.93	93	55	0.65	AU	1620491352
28	Muhos	64.808	25.9931	278.15	42	0	5.66	FI	1620491352
29	Nome	64.5011	-165.4064	277.15	65	1	4.63	US	1620491352
30	Bredasdorp	-34.5322	20.0403	289.15	77	81	3.6	ZA	1620491353
31	Caldwell	43.6629	-116.6874	282.59	40	1	7.2	US	1620491353
32	New Norfolk	-42.7826	147.0587	279.26	79	40	1.0	AU	1620491354
33	Beroroha	-21.6667	45.1667	297.93	43	19	0.57	MG	1620491354
34	Kavieng	-2.5744	150.7967	301.11	77	100	5.57	PG	1620491355
35	Tuktoyaktuk	69.4541	-133.0374	267.15	93	90	8.23	CA	1620491355
36	Marsá Maţrūḩ	31.3525	27.2453	302.15	37	59	10.8	EG	1620491356
37	Ponta do Sol	32.6667	-17.1	294.15	60	20	2.57	PT	1620491356
38	Tarnos	43.5417	-1.4628	306.15	25	0	3.6	FR	1620491356
39	Qaqortoq	60.7167	-46.0333	282.15	29	20	3.6	GL	1620491357
40	Mahébourg	-20.4081	57.7	296.15	68	20	3.09	MU	1620491357
41	Deniliquin	-35.5333	144.9667	287.04	78	83	0.89	AU	1620491358
42	Barrow	71.2906	-156.7887	263.15	85	90	4.63	US	1620491358
43	Rikitea	-23.1203	-134.9692	298.66	79	8	4.17	PF	1620491359
44	Ballina	-28.8667	153.5667	289.26	100	87	0.51	AU	1620491359
45	Cabo San Lucas	22.8909	-109.9124	303.15	28	1	3.51	MX	1620491128
46	Norman Wells	65.282	-126.8329	276.15	70	20	3.6	CA	1620491360
47	Shahr-e Kord	32.3256	50.8644	292.15	26	20	4.12	IR	1620491360
48	Itaituba	-4.2761	-55.9836	300.15	89	40	2.57	BR	1620491361
49	Olinda	-8.0089	-34.8553	301.15	65	40	5.66	BR	1620491361
50	Plover	44.4564	-89.544	284.82	40	75	2.57	US	1620491361
51	Le Pont-de-Claix	45.1244	5.7064	297.59	38	0	6.69	FR	1620491362
52	Okahandja	-21.9833	16.9167	295.93	26	5	0.45	NA	1620491108
53	Nikolskoye	59.7035	30.7861	279.15	75	75	5.0	RU	1620491362
54	Bambous Virieux	-20.3428	57.7575	296.15	68	20	3.09	MU	1620491363
55	Yellowknife	62.456	-114.3525	280.37	52	75	6.17	CA	1620491363
56	Tabou	4.423	-7.3528	301.78	72	80	4.12	CI	1620491364
57	Whitehorse	60.7161	-135.0538	278.15	81	90	3.09	CA	1620491358
58	Port-Gentil	-0.7193	8.7815	302.15	74	40	4.63	GA	1620491365
59	Hinton	53.4001	-117.5857	279.15	75	100	1.03	CA	1620491365
60	Bubaque	11.2833	-15.8333	298.96	70	19	5.99	GW	1620491365
61	Kindia	10.0569	-12.8658	310.27	23	16	1.24	GN	1620491366
62	Mount Isa	-20.7333	139.5	293.15	34	89	2.57	AU	1620491366
63	Fairbanks	64.8378	-147.7164	280.37	75	1	1.54	US	1620491367
64	Chui	-33.6971	-53.4616	291.01	65	100	2.64	UY	1620491367
65	Leshukonskoye	64.8989	45.7622	283.48	57	76	2.66	RU	1620491368
66	Mossamedes	-15.1961	12.1522	300.15	61	20	7.72	AO	1620491368
67	North Battleford	52.7834	-108.2847	283.15	37	1	8.75	CA	1620491369
68	Sakakah	29.9697	40.2064	306.15	9	0	2.57	SA	1620491369
69	Lebu	-37.6167	-73.65	287.78	81	76	3.72	CL	1620491369
70	Clovis	36.8252	-119.7029	291.48	48	1	2.06	US	1620490919
71	Qaanaaq	77.484	-69.3632	269.85	83	100	1.01	GL	1620491370
72	Longyearbyen	78.2186	15.6401	266.15	63	20	7.2	SJ	1620491371
73	Pevek	69.7008	170.3133	256.45	99	96	1.24	RU	1620491371
74	Ugoofaaru	5.6667	73.0	302.85	70	64	3.13	MV	1620491371
75	Atar	20.5169	-13.0499	311.56	7	0	4.17	MR	1620491372
76	La Ronge	55.1001	-105.2842	280.15	45	96	5.14	CA	1620491372
77	Salalah	17.0151	54.0924	302.15	79	20	4.12	OM	1620491373
78	Remedios	22.4947	-79.5458	304.15	51	40	2.57	CU	1620491373
79	Butaritari	3.0707	172.7902	301.2	77	76	6.71	KI	1620491373
80	Teguise	29.0605	-13.564	297.15	46	20	8.23	ES	1620491374
81	Swansea	51.6208	-3.9432	285.93	96	100	9.11	GB	1620491374
82	Bluff	-46.6	168.3333	286.48	94	98	0.89	NZ	1620491375
83	Port Alfred	-33.5906	26.891	290.89	83	94	12.81	ZA	1620491375
84	Praia da Vitória	38.7333	-27.0667	291.48	94	40	6.57	PT	1620491376
85	Provideniya	64.3833	-173.3	272.49	77	3	1.66	RU	1620491376
86	Laas	46.6166	10.7002	295.15	35	0	3.09	IT	1620491376
87	Zabaykal'sk	49.6333	117.3167	278.51	50	13	1.56	RU	1620491377
88	Amethī	26.15	81.8167	304.14	37	13	2.81	IN	1620491377
89	Poltavka	54.3663	71.7632	290.49	30	88	3.29	RU	1620491378
90	George Town	5.4112	100.3354	301.48	89	20	1.54	MY	1620491378
91	Khani	41.9563	42.9566	295.15	53	75	4.12	GE	1620491379
92	Kapaa	22.0752	-159.319	297.15	73	90	5.66	US	1620491338
93	Port Macquarie	-31.4333	152.9167	291.15	100	90	2.06	AU	1620491380
94	Santiago del Estero	-27.7951	-64.2615	291.71	47	0	5.34	AR	1620491380
95	Zhigansk	66.7697	123.3711	271.73	81	54	2.33	RU	1620491380
96	Taywarah	33.35	64.4167	288.55	26	2	1.73	AF	1620491381
97	Hilo	19.7297	-155.09	295.15	73	1	2.57	US	1620491332
98	Torbay	47.6666	-52.7314	279.82	81	90	4.12	CA	1620491382
99	Ndélé	8.4109	20.6473	297.93	71	100	1.96	CF	1620491382
100	Sahuaripa	29.05	-109.2333	301.32	11	1	1.21	MX	1620491382
101	Fortuna	40.5982	-124.1573	285.93	76	1	5.14	US	1620491383
102	Baiquan	47.5833	126.0833	279.89	83	100	4.99	CN	1620491383
103	Saint-Philippe	-21.3585	55.7679	295.37	73	0	2.57	RE	1620491384
104	Tiksi	71.6872	128.8694	268.02	92	100	1.97	RU	1620491384
105	Upernavik	72.7868	-56.1549	271.6	82	97	0.75	GL	1620491385
106	Yuli	9.6989	10.2744	308.55	31	44	3.89	NG	1620491385
107	Havre-St-Pierre	50.2334	-63.5986	282.15	76	90	4.63	CA	1620491385
108	Severo-Kuril'sk	50.6789	156.125	277.38	83	100	2.9	RU	1620491386
109	Djibo	14.1022	-1.6306	315.1	6	87	1.82	BF	1620491386
110	Riohacha	11.5444	-72.9072	302.72	64	100	5.24	CO	1620491207
111	Saint George	37.1041	-113.5841	296.48	28	1	3.6	US	1620491387
112	Gibsons	49.3997	-123.5027	283.15	76	98	1.03	CA	1620491305
113	St. Marys	30.7305	-81.5465	297.59	31	1	5.14	US	1620491388
114	Kloulklubed	7.0419	134.2556	299.15	94	75	2.06	PW	1620491388
115	Chadiza	-14.0678	32.4392	289.23	68	3	2.11	ZM	1620491389
116	Springfield	37.2153	-93.2982	289.15	77	90	6.69	US	1620491226
117	Puerto Gaitán	4.3133	-72.0816	299.74	76	100	2.65	CO	1620491373
118	Dikson	73.5069	80.5464	265.53	95	91	3.62	RU	1620491390
119	Broome	42.2506	-75.833	279.82	81	90	3.6	US	1620491390
120	Khudumelapye	-23.8833	24.75	295.07	37	59	2.44	BW	1620491390
121	Ribeira Grande	38.5167	-28.7	291.15	72	75	6.69	PT	1620491391
122	Saint-Pierre	-21.3393	55.4781	295.37	73	0	2.57	RE	1620491391
123	Haines Junction	60.7522	-137.5108	276.15	87	98	1.28	CA	1620491392
124	Terebovlya	49.3019	25.71	283.71	60	52	5.12	UA	1620491392
125	Makkah al Mukarramah	21.4267	39.8261	307.37	22	0	5.37	SA	1620491282
126	Montalvo	-1.8	-79.3333	301.48	75	100	0.99	EC	1620491393
127	Arawa	-6.2132	155.5367	298.2	89	72	2.27	PG	1620491393
128	Iqaluit	63.7506	-68.5145	272.15	86	90	5.66	CA	1620491394
129	Mandalgovi	45.7625	106.2708	282.32	50	100	5.73	MN	1620491394
130	Rincon	32.296	-81.2354	297.15	28	1	2.57	US	1620491395
131	Huarmey	-10.0681	-78.1522	295.27	71	10	4.94	PE	1620491395
132	Phan Thiet	10.9333	108.1	300.26	87	100	3.91	VN	1620491396
133	Faanui	-16.4833	-151.75	299.56	73	92	2.18	PF	1620491396
134	Pangnirtung	66.1451	-65.7125	274.15	93	75	3.09	CA	1620491397
135	La Romana	18.4273	-68.9728	302.15	65	75	5.14	DO	1620491397
136	Ahipara	-35.1667	173.1667	290.84	88	100	3.33	NZ	1620491398
137	Adrar	20.5022	-10.0711	312.18	9	1	4.56	MR	1620491398
138	Bereda	43.2686	-7.5406	297.04	25	3	8.05	ES	1620491398
139	Pilar	-9.5972	-35.9567	301.15	74	75	4.63	BR	1620491399
140	Klaksvík	62.2266	-6.589	278.15	52	75	5.14	FO	1620491399
141	Mexticacán	21.2654	-102.7798	296.15	43	40	3.09	MX	1620491400
142	East London	-33.0153	27.9116	290.15	94	75	8.23	ZA	1620491400
143	Okha	53.5739	142.9478	271.25	93	58	3.62	RU	1620491401
144	Abu Dhabi	24.4667	54.3667	303.15	66	0	3.09	AE	1620491401
145	Mar del Plata	-38.0023	-57.5575	289.15	63	40	3.6	AR	1620491114
146	Oktyabr'skiy	54.4815	53.471	284.98	78	61	1.57	RU	1620491403
147	Ciudad Bolivar	8.1222	-63.5497	303.75	56	88	5.01	VE	1620491305
148	Sungai Penuh	-2.0833	101.3833	292.19	97	96	1.24	ID	1620491404
149	Ancud	-41.8697	-73.8203	287.04	93	75	3.6	CL	1620491404
150	Mhlume	-26.0333	31.85	293.71	78	56	0.96	SZ	1620491404
151	Clarence Town	-32.5833	151.7833	289.26	100	40	1.03	AU	1620491405
152	Dingle	10.9995	122.6711	299.78	79	99	2.54	PH	1620491405
153	San Patricio	28.017	-97.5169	303.15	66	75	8.75	US	1620491406
154	Leningradskiy	69.3833	178.4167	262.23	97	100	2.11	RU	1620491406
155	Tual	-5.6667	132.75	301.49	74	51	7.04	ID	1620491407
156	Hasaki	35.7333	140.8333	293.15	73	75	6.69	JP	1620491407
157	Brainerd	46.358	-94.2008	286.15	26	1	1.54	US	1620491408
158	Petauke	-14.2426	31.3253	289.95	61	10	2.04	ZM	1620491408
159	Bognor Regis	50.7821	-0.6798	288.71	88	70	2.68	GB	1620491409
160	Hambantota	6.1241	81.1185	300.53	77	52	1.8	LK	1620491410
161	Duayaw-Nkwanta	7.1724	-2.1028	303.73	51	72	1.95	GH	1620491410
162	Lavrentiya	65.5833	-171.0	266.77	83	9	2.39	RU	1620491411
163	Hong Kong	22.2855	114.1577	300.93	85	6	0.45	HK	1620491407
164	Cayenne	4.9333	-52.3333	303.15	70	40	7.2	GF	1620491411
165	Pacific Grove	36.6177	-121.9166	288.15	67	1	3.52	US	1620491412
166	Sitka	57.0531	-135.33	282.15	81	40	1.39	US	1620491412
167	Wanning	18.8003	110.3967	298.37	84	7	3.77	CN	1620491412
168	Bengkulu	-3.8004	102.2655	297.82	91	47	2.47	ID	1620491413
169	Chokurdakh	70.6333	147.9167	267.31	95	100	2.54	RU	1620491414
170	Kashgar	39.4547	75.9797	299.15	14	40	4.0	CN	1620491414
171	Gijang	35.2442	129.2139	290.15	67	36	3.09	KR	1620491414
172	Taupo	-38.6833	176.0833	286.48	89	100	1.55	NZ	1620491221
173	San Juan	-31.5375	-68.5364	290.98	42	16	2.04	AR	1620491415
174	Cherskiy	68.75	161.3	268.63	86	100	1.88	RU	1620491416
175	Mildura	-34.2	142.15	288.15	88	90	2.06	AU	1620491416
176	Ankang	32.68	109.0172	292.59	21	0	5.36	CN	1620491417
177	Antalaha	-14.9003	50.2788	296.66	82	51	4.03	MG	1620491417
178	Thompson	55.7435	-97.8558	277.15	45	1	4.63	CA	1620491407
179	Kumul	42.8	93.45	298.53	27	97	10.32	CN	1620491418
180	Ostrovnoy	68.0531	39.5131	274.8	85	62	3.4	RU	1620491418
181	Turangi	-39.0	175.9333	287.04	97	100	0.89	NZ	1620491419
182	Khatanga	71.9667	102.5	267.67	94	98	4.07	RU	1620491419
183	Malpe	13.35	74.7167	301.15	89	40	0.67	IN	1620491420
184	Chernushka	56.5072	56.0766	284.68	83	95	0.34	RU	1620491420
185	Castro	-24.7911	-50.0119	288.9	65	81	2.77	BR	1620491420
186	Mabaruma	8.2	-59.7833	297.15	100	90	5.14	GY	1620491421
187	Aklavik	68.2191	-135.0107	269.15	93	90	2.06	CA	1620491421
188	Lüderitz	-26.6481	15.1594	291.64	62	0	9.58	NA	1620491422
189	Mount Gambier	-37.8333	140.7667	283.15	93	90	4.63	AU	1620491422
190	Zabul Province	32.25	67.25	294.26	26	1	5.43	AF	1620491423
191	Tasiilaq	65.6145	-37.6368	272.15	86	40	3.6	GL	1620491423
192	Port Elizabeth	-33.918	25.5701	289.15	94	75	11.32	ZA	1620491424
193	Taltal	-25.4	-70.4833	292.19	71	1	2.84	CL	1620491424
194	Airai	-8.9266	125.4092	287.65	93	97	1.0	TL	1620491425
195	Agogo	6.8	-1.0819	301.52	61	93	3.57	GH	1620491425
196	Anloga	5.7947	0.8973	301.15	78	20	7.2	GH	1620491184
197	Tsimmerbude	54.675	20.1347	282.15	71	20	7.0	RU	1620491426
198	São Filipe	14.8961	-24.4956	295.94	76	70	6.92	CV	1620491426
199	Zheleznodorozhnyy	55.7503	38.0042	282.15	100	75	4.0	RU	1620491146
200	Severodvinsk	64.5635	39.8302	287.15	41	40	4.0	RU	1620491427
201	Naze	28.3667	129.4833	292.67	78	100	1.73	JP	1620491428
202	Nadym	65.5333	72.5167	273.44	95	100	0.9	RU	1620490828
203	Turtas	58.9417	69.1325	285.69	67	27	2.93	RU	1620491428
204	Tuatapere	-46.1333	167.6833	286.48	95	100	0.45	NZ	1620491429
205	Morón	-34.6534	-58.6198	292.04	55	40	5.66	AR	1620491429
206	Edinburgh	55.9521	-3.1965	281.48	87	75	3.09	GB	1620491314
207	Irbeyskoye	55.6428	95.4522	279.92	86	97	4.29	RU	1620491430
208	Conde	-7.2597	-34.9075	301.15	78	75	5.66	BR	1620491430
209	Jutaí	-5.1833	-68.9	298.87	66	99	2.17	BR	1620491431
210	Kutum	14.2	24.6667	305.16	13	39	3.81	SD	1620491431
211	Prince Rupert	54.3161	-130.3201	282.15	61	90	2.57	CA	1620491431
212	Marawi	7.9986	124.2928	298.71	89	100	0.82	PH	1620491432
213	Fort Nelson	58.8053	-122.7002	279.15	93	75	0.29	CA	1620491432
214	Lázaro Cárdenas	17.9583	-102.2	303.66	55	84	3.21	MX	1620491433
215	Iranshahr	27.2025	60.6848	308.15	18	20	2.06	IR	1620491433
216	Carnarvon	-24.8667	113.6333	291.15	82	0	4.12	AU	1620491434
217	Luwuk	-0.9516	122.7875	298.73	86	100	1.73	ID	1620491434
218	Makakilo City	21.3469	-158.0858	296.15	78	20	2.06	US	1620491435
219	Talnakh	69.4865	88.3972	272.97	91	100	1.9	RU	1620491435
220	Eyl	7.9803	49.8164	302.75	65	100	2.44	SO	1620491435
221	Nova Olímpia	-14.7972	-57.2881	302.53	43	4	1.27	BR	1620491436
222	La Rioja	42.25	-2.5	303.15	21	0	4.12	ES	1620491436
223	Buraidah	26.326	43.975	307.15	22	0	3.6	SA	1620491437
224	Kachug	53.9606	105.8817	277.77	80	94	1.38	RU	1620491437
225	Nanortalik	60.1432	-45.2371	276.66	71	24	6.0	GL	1620491437
226	Rafaela	-31.2503	-61.4867	293.71	36	8	2.68	AR	1620491438
227	Katsuura	35.1333	140.3	293.71	85	100	5.81	JP	1620491438
228	Bjørnevatn	69.6672	29.9847	277.15	65	90	4.63	NO	1620491439
229	Tarko-Sale	64.9225	77.785	274.26	74	81	3.22	RU	1620491439
230	Port Hawkesbury	45.6169	-61.3485	278.71	93	90	8.23	CA	1620491440
231	Saskylakh	71.9167	114.0833	273.59	99	100	2.18	RU	1620491440
232	Puerto Madero	14.7208	-92.4215	302.15	79	1	2.51	MX	1620491441
233	Griffith	41.5284	-87.4237	284.26	46	40	3.6	US	1620491441
234	Sørland	67.667	12.6934	277.54	70	100	4.42	NO	1620491442
235	Arraial do Cabo	-22.9661	-42.0278	296.15	78	75	1.54	BR	1620491442
236	Roebourne	-20.7833	117.1333	298.3	57	1	4.91	AU	1620491443
237	Mogadishu	2.0371	45.3438	299.97	80	100	6.39	SO	1620491443
238	Saint Paul Harbor	57.79	-152.4072	279.15	87	90	5.66	US	1620491443
239	College	64.8569	-147.8028	280.37	70	40	1.17	US	1620491411
240	Vestmannaeyjar	63.4427	-20.2734	277.15	56	40	5.66	IS	1620491444
241	Hofn	64.2539	-15.2082	276.14	64	79	7.01	IS	1620491445
242	Dudinka	69.4058	86.1778	266.91	96	92	3.33	RU	1620491445
243	Samfya	-11.3649	29.5565	290.55	51	80	1.34	ZM	1620491445
244	Esperance	-33.8667	121.9	284.15	100	3	3.6	AU	1620491446
245	Yuancheng	36.652	107.7896	292.38	19	5	2.07	CN	1620491446
246	Halifax	44.6453	-63.5724	279.15	87	100	5.66	CA	1620491155
247	Västerås	59.6162	16.5528	284.82	43	97	5.14	SE	1620491296
248	Itarema	-2.9248	-39.9167	301.38	76	24	5.41	BR	1620491447
249	Muroto-misakicho	33.2833	134.15	291.57	86	98	6.32	JP	1620491448
250	Lake City	30.1897	-82.6393	297.59	28	1	1.49	US	1620491448
251	Rawson	-43.3002	-65.1023	292.38	47	99	11.59	AR	1620491449
252	Grand Gaube	-20.0064	57.6608	295.37	70	17	1.34	MU	1620491449
253	Yayva	59.3303	57.2641	285.37	39	98	0.45	RU	1620491449
254	Bar Harbor	44.3876	-68.2039	281.48	66	90	8.75	US	1620491450
255	Puerto Escondido	15.85	-97.0667	303.15	70	75	2.06	MX	1620491450
256	Auki	-8.7676	160.7034	298.95	87	93	2.02	SB	1620491451
257	Diego de Almagro	-26.3667	-70.05	296.31	21	0	3.82	CL	1620491451
258	Hobart	-42.8794	147.3294	280.15	81	53	2.06	AU	1620491452
259	Port Hedland	-20.3167	118.5667	296.15	88	0	4.12	AU	1620491452
260	Matara	5.9485	80.5353	300.07	80	58	1.55	LK	1620491452
261	Skjervøy	70.0311	20.9714	275.46	98	100	6.65	NO	1620491453
262	Malbork	54.0359	19.0266	285.37	59	71	2.33	PL	1620491453
263	Vila Velha	-20.3297	-40.2925	297.04	94	75	1.54	BR	1620491454
264	Kaitangata	-46.2817	169.8464	285.93	79	100	1.34	NZ	1620491454
265	Talcahuano	-36.7167	-73.1167	289.15	77	75	4.63	CL	1620491454
266	Abhā	18.2164	42.5053	296.15	40	40	2.57	SA	1620491455
267	Sambava	-14.2667	50.1667	297.89	80	38	5.73	MG	1620491455
268	Nokaneng	-19.6667	22.2667	296.75	28	73	3.33	BW	1620491456
269	Vidim	56.4088	103.1106	276.47	95	100	1.37	RU	1620491456
270	Praia	14.9215	-23.5087	300.15	50	20	9.77	CV	1620491457
271	Cidreira	-30.1811	-50.2056	291.87	65	33	1.77	BR	1620491457
272	Necochea	-38.5473	-58.7368	289.82	64	84	7.6	AR	1620491457
273	Zeya	53.75	127.2667	275.01	79	100	2.08	RU	1620491458
274	Roald	62.5833	6.1333	281.15	57	20	1.54	NO	1620491458
275	Langsa	4.4683	97.9683	297.69	93	100	1.38	ID	1620491459
276	Türkan	40.3639	50.215	288.15	82	0	7.2	AZ	1620491459
277	Luk Pu	23.1742	112.2809	302.04	6	75	0.85	CN	1620491460
278	Cockburn Town	21.4612	-71.1419	299.68	68	22	5.68	TC	1620491460
279	Flinders	-34.5833	150.8552	290.37	77	100	0.89	AU	1620491461
280	Jega	12.2175	4.3792	312.69	17	100	1.48	NG	1620491461
281	Province of Mantua	45.1667	10.7833	293.71	45	20	1.54	IT	1620491462
282	Vao	-22.6667	167.4833	297.29	80	99	9.73	NC	1620491462
283	Vostok	46.4856	135.8833	278.34	92	100	2.37	RU	1620491463
284	Marabu	4.4148	114.0089	301.15	83	20	2.06	MY	1620491419
285	Inírida	3.8653	-67.9239	304.49	53	98	1.32	CO	1620491464
286	Danielskuil	-28.1887	23.5395	286.15	49	0	4.19	ZA	1620491464
287	Nishihara	26.1842	127.7558	296.15	94	40	3.09	JP	1620491465
288	Port Hardy	50.6996	-127.4199	280.15	93	90	4.12	CA	1620491400
289	Beringovskiy	63.05	179.3167	271.14	86	74	3.72	RU	1620491466
290	High Level	58.5169	-117.136	281.15	76	90	5.66	CA	1620491466
291	Lata	40.1629	-8.3327	297.04	74	0	4.47	PT	1620491466
292	Borogontsy	62.6683	131.1683	276.26	90	100	1.5	RU	1620491467
293	Cascais	38.6979	-9.4215	294.15	68	20	4.63	PT	1620491467
294	Yining	29.0361	114.5636	292.86	92	18	1.08	CN	1620491468
295	Boa Viagem	-5.1275	-39.7322	302.07	64	60	3.41	BR	1620491468
296	Peniche	39.3558	-9.3811	293.71	76	0	4.92	PT	1620491469
297	Macenta	8.5435	-9.471	303.04	53	67	1.51	GN	1620491469
298	Aden	12.7794	45.0367	302.95	69	98	1.47	YE	1620491470
299	Concarneau	47.875	-3.9225	289.15	82	90	5.66	FR	1620491470
300	Balikpapan	-1.2675	116.8289	297.94	87	98	1.07	ID	1620491470
301	Coyhaique	-45.5752	-72.0662	283.15	71	75	4.12	CL	1620491471
302	Dunedin	-45.8742	170.5036	286.48	77	100	3.13	NZ	1620491471
303	Preobrazheniye	42.9019	133.9064	279.2	98	100	4.81	RU	1620491472
304	Loíza	18.4313	-65.8802	302.15	65	40	9.26	PR	1620491472
305	Clyde River	70.4692	-68.5914	270.15	93	90	3.6	CA	1620491473
306	Oudtshoorn	-33.5907	22.2014	288.15	88	40	3.6	ZA	1620491473
307	Bethel	41.3712	-73.414	285.15	47	90	3.09	US	1620491474
308	Dongsheng	39.8161	109.9776	288.23	22	88	3.58	CN	1620491468
309	Tonj	7.2737	28.6822	297.17	80	96	1.29	SS	1620491474
310	Pankovka	58.5	31.1999	278.57	81	99	3.64	RU	1620491475
311	Baruun-Urt	46.6806	113.2792	279.42	30	97	1.08	MN	1620491475
312	Kavaratti	10.5669	72.642	302.92	70	74	1.7	IN	1620491476
313	Ariquemes	-9.9133	-63.0408	300.95	55	86	2.09	BR	1620491476
314	Sobolevo	54.4299	31.8996	278.79	71	100	7.23	RU	1620491476
315	Paamiut	61.994	-49.6678	275.06	69	31	3.32	GL	1620491477
316	Biltine	14.5333	20.9167	308.72	19	91	1.75	TD	1620491477
317	Soligalich	59.0778	42.2864	282.17	80	100	2.39	RU	1620491478
318	Llanes	43.4198	-4.7549	294.82	55	100	1.75	ES	1620491479
319	Sechura	-5.5569	-80.8222	298.36	56	24	4.16	PE	1620491479
320	Imeni Babushkina	59.7573	43.1285	284.4	53	100	4.27	RU	1620491479
321	Praia	14.9215	-23.5087	300.15	50	20	9.77	CV	1620491457
322	Half Moon Bay	37.4636	-122.4286	292.59	51	1	3.82	US	1620491342
323	Burnie	-41.0667	145.9167	278.71	92	69	0.89	AU	1620491480
324	Kyzyl-Suu	42.3414	78.0056	285.54	70	23	1.8	KG	1620491481
325	Touros	-5.1989	-35.4608	303.15	62	40	6.17	BR	1620491481
326	La Libertad	-2.2333	-80.9	299.15	73	0	4.12	EC	1620491482
327	Eureka	40.8021	-124.1637	284.26	87	1	1.54	US	1620491209
328	Oodweyne	9.4092	45.064	299.72	55	100	4.58	SO	1620491483
329	Tura	25.5198	90.2201	294.17	92	52	1.49	IN	1620491483
330	Corinth	37.9407	22.9573	297.59	51	1	0.89	GR	1620491484
331	Herat Province	34.5	62.0	298.15	38	0	1.54	AF	1620491484
332	Lagos	6.5833	3.75	303.15	66	40	3.09	NG	1620491115
333	Merauke	-8.4667	140.3333	298.6	86	69	4.95	ID	1620491485
334	Kiunga	-6.1219	141.2906	296.3	99	100	0.26	PG	1620491485
335	Maltahöhe	-24.8333	16.9833	290.89	24	0	5.35	NA	1620491486
336	Alice Springs	-23.7	133.8833	286.15	50	40	1.54	AU	1620491197
337	Ilulissat	69.2167	-51.1	274.15	64	75	2.06	GL	1620491486
338	Tadine	-21.55	167.8833	297.16	82	100	8.68	NC	1620491487
339	Hualmay	-11.0964	-77.6139	294.97	71	8	5.07	PE	1620491487
340	Cuencamé de Ceniceros	24.8711	-103.6964	299.31	35	9	2.46	MX	1620491488
341	Ranot	7.7777	100.3213	301.41	78	95	1.46	TH	1620491488
342	Uryupinsk	50.8047	42.0138	287.57	77	98	5.19	RU	1620491489
343	Drayton Valley	53.2168	-114.9854	274.65	99	100	4.57	CA	1620491489
344	Catalina Foothills	32.2979	-110.9187	299.82	16	1	2.19	US	1620491245
345	Santiago	-33.4569	-70.6483	287.59	62	90	1.42	CL	1620490989
346	Sembakung	3.8167	117.25	299.15	94	40	1.03	ID	1620491490
347	Andenes	69.3143	16.1194	277.15	75	75	5.14	NO	1620491491
348	Kunshan	31.3776	120.9543	297.59	78	0	2.0	CN	1620491491
349	Kenora	49.8167	-94.4337	280.15	42	1	4.12	CA	1620491296
350	Kungurtug	50.5994	97.5228	277.23	80	32	1.64	RU	1620491492
351	Mezhdurechenskiy	59.6	65.9333	287.01	65	92	0.87	RU	1620491493
352	Camacha	33.0833	-16.3333	294.15	68	20	7.2	PT	1620491493
353	Codrington	-38.2667	141.9667	282.02	92	8	3.2	AU	1620491493
354	Yar-Sale	66.8333	70.8333	273.42	92	100	1.62	RU	1620491494
355	Erzin	36.9559	36.2	295.37	85	99	0.75	TR	1620491494
356	Padang	-0.9492	100.3543	298.15	94	90	1.54	ID	1620491495
357	Santa Barbara	34.7333	-120.0343	290.37	76	1	1.84	US	1620491439
358	Magaria	12.9983	8.9099	311.5	14	53	2.92	NE	1620491496
359	Labuan	5.2767	115.2417	299.15	94	40	2.06	MY	1620491496
360	Saint Anthony	45.0205	-93.218	286.48	30	1	2.57	US	1620491497
361	Córdoba	-31.4135	-64.1811	292.59	52	40	5.14	AR	1620491419
362	Kruisfontein	-34.0033	24.7314	288.71	89	99	4.02	ZA	1620491498
363	Baykit	61.67	96.37	275.41	98	100	1.18	RU	1620491498
364	Scottsboro	34.6723	-86.0341	291.48	59	90	0.89	US	1620491498
365	Tazovsky	67.4667	78.7	273.51	99	100	1.92	RU	1620491499
366	Trairi	-3.2778	-39.2689	301.55	73	50	4.74	BR	1620491499
367	Calama	-22.4667	-68.9333	296.15	16	0	3.09	CL	1620491500
368	Ionia	42.9873	-85.0711	284.26	43	40	3.6	US	1620491500
369	Ouésso	1.6136	16.0517	296.59	79	96	1.83	CG	1620491500
370	Kyabé	9.4515	18.9449	300.53	62	45	3.39	TD	1620491501
371	Yulara	-25.2406	130.9889	289.15	88	27	2.57	AU	1620491501
372	Baft	29.234	56.6057	289.25	52	47	4.11	IR	1620491502
373	Metlika	45.6472	15.3142	290.15	39	0	1.54	SI	1620491502
374	Asău	46.4333	26.4	283.71	41	90	1.87	RO	1620491503
375	Chimoio	-19.1164	33.4833	294.82	88	20	3.6	MZ	1620491503
376	Meulaboh	4.1363	96.1285	299.67	83	100	1.03	ID	1620491504
377	Texarkana	33.4251	-94.0477	299.15	53	1	7.2	US	1620491407
378	Dörverden	52.85	9.2333	285.37	54	40	6.17	DE	1620491504
379	Arua	3.0201	30.9111	291.13	96	100	1.19	UG	1620491346
380	Blankenberge	51.3131	3.1323	291.48	56	100	1.34	BE	1620491505
381	Ponferrada	42.5466	-6.5962	296.48	30	59	3.58	ES	1620491505
382	Montepuez	-13.1256	38.9997	290.42	91	73	2.05	MZ	1620491354
383	Tezu	27.9167	96.1667	294.26	93	91	1.35	IN	1620491506
384	San Cristobal	7.7669	-72.225	302.15	65	40	2.06	VE	1620491341
385	Itambacuri	-18.0311	-41.685	297.47	77	78	2.82	BR	1620491507
386	Barra de Tecoanapa	16.5167	-98.75	303.57	61	67	4.73	MX	1620491507
387	Kyra	49.5776	111.9753	277.37	41	72	2.13	RU	1620491508
388	Hirara	24.8	125.2833	298.0	86	85	2.2	JP	1620491508
389	Black Diamond	47.3087	-122.0032	283.71	80	69	2.56	US	1620491509
390	Ranong	9.9658	98.6348	299.65	85	59	1.66	TH	1620491509
391	Oranjemund	-28.55	16.4333	288.47	81	0	6.67	NA	1620491510
392	Ciudad General Terán	25.2667	-99.6833	304.96	39	5	6.18	MX	1620491510
393	Lagoa	39.05	-27.9833	288.92	73	97	8.11	PT	1620491510
394	Aitape	-3.1374	142.3475	298.84	88	100	2.03	PG	1620491511
395	Vieste	41.8825	16.175	295.15	53	20	2.57	IT	1620491511
396	Alofi	-19.0595	-169.9187	297.15	69	68	7.72	NU	1620491512
397	Hay River	60.8156	-115.7999	281.15	49	100	2.57	CA	1620491380
398	Kysyl-Syr	63.8986	122.7617	271.0	93	38	0.61	RU	1620491512
399	Nushki	29.5542	66.0215	302.34	12	0	2.78	PK	1620491513
400	Ust-Tsilma	65.441	52.1498	280.17	80	43	1.15	RU	1620491513
401	Cartagena	10.3997	-75.5144	305.15	66	20	1.03	CO	1620491455
402	Chaihe	44.7667	129.7	278.72	94	100	2.55	CN	1620491514
403	Māngrol	21.1167	70.1167	301.74	79	8	5.35	IN	1620491514
404	Lompoc	34.6391	-120.4579	289.82	76	1	1.54	US	1620491515
405	Choix	26.7092	-108.3219	306.07	13	28	2.25	MX	1620491515
406	Sola	-13.8833	167.55	301.15	89	75	9.9	VU	1620491516
407	Udalguri	26.7667	92.1333	295.16	76	7	1.52	IN	1620491517
408	Port Shepstone	-30.7414	30.455	294.78	67	21	5.07	ZA	1620491517
409	Bathsheba	13.2167	-59.5167	303.15	54	40	10.8	BB	1620491518
410	Künzelsau	49.2819	9.6889	291.48	34	0	2.57	DE	1620491518
411	Jiuquan	39.7432	98.5174	294.41	7	67	3.46	CN	1620491519
412	Bijie	27.3125	105.2942	288.87	69	20	0.99	CN	1620491519
413	Lubuk Pakam	3.5604	98.8767	300.15	94	40	1.03	ID	1620491520
414	Ordynskoye	54.3656	81.8994	288.9	44	89	3.65	RU	1620491520
415	Muromtsevo	56.3724	75.2418	286.21	59	26	2.61	RU	1620491521
416	Yerbogachën	61.2767	108.0108	276.44	88	28	2.48	RU	1620491521
417	Tomakomai	42.6369	141.6033	281.48	87	20	2.06	JP	1620491372
418	Kismayo	-0.3582	42.5454	299.43	82	100	7.66	SO	1620491522
419	Ottawa	45.4112	-75.6981	283.15	93	90	3.6	CA	1620491235
420	Puruarán	19.1	-101.5333	295.93	68	75	2.25	MX	1620491522
421	Mariāni	26.6667	94.3333	295.39	83	52	0.59	IN	1620491523
422	Yangi Marg`ilon	40.4272	71.7189	297.15	31	7	6.17	UZ	1620491523
423	Dukat	62.55	155.55	259.1	98	49	1.19	RU	1620491524
424	Carbonia	39.1672	8.5222	299.15	36	0	4.63	IT	1620491524
425	Batagay-Alyta	67.8006	130.4114	270.13	87	100	0.72	RU	1620491524
426	Forestville	38.8451	-76.875	288.15	62	20	6.69	US	1620491525
427	Polessk	54.862	21.1028	282.15	71	20	7.0	RU	1620491525
428	Saldanha	-33.0117	17.9442	291.15	68	21	3.6	ZA	1620491526
429	Narsaq	60.9167	-46.05	282.15	29	20	3.6	GL	1620491526
430	Galeana	24.8333	-100.0667	293.71	55	4	1.34	MX	1620491417
431	Galle	6.0367	80.217	300.23	81	87	2.66	LK	1620491527
432	Nouadhibou	20.931	-17.0347	296.15	60	1	10.29	MR	1620491527
433	Souillac	-20.5167	57.5167	296.15	68	20	3.09	MU	1620491528
434	Warud	21.4667	78.2667	307.25	33	67	2.3	IN	1620491528
435	Abnūb	27.2696	31.1511	312.15	18	0	4.63	EG	1620491529
436	Sulzbach-Rosenberg	49.4983	11.7517	288.15	36	90	3.09	DE	1620491529
437	Abū Zabad	12.35	29.25	304.65	37	88	1.35	SD	1620491530
438	Sargatskoye	55.6101	73.4972	288.39	41	7	1.61	RU	1620491530
439	Guerrero Negro	27.9769	-114.0611	291.55	60	72	5.95	MX	1620491530
440	Bontang	0.1333	117.5	298.47	89	71	2.35	ID	1620491272
441	Trincomalee	8.5711	81.2335	302.51	71	42	4.32	LK	1620491531
442	Langevåg	62.4375	6.1892	281.15	57	20	1.54	NO	1620491532
443	Ratne	51.6683	24.5303	280.39	68	42	3.81	UA	1620491532
444	Benton	36.3334	-94.3335	297.04	46	1	6.17	US	1620491533
445	Teahupoo	-17.8333	-149.2667	299.15	69	40	2.57	PF	1620491533
446	Ambon City	-3.6954	128.1814	298.15	94	40	2.57	ID	1620491533
447	Ryōtsu-minato	38.0833	138.4333	287.86	74	96	2.85	JP	1620491534
448	Ondjiva	-17.0667	15.7333	301.15	44	40	1.03	AO	1620491534
449	Alekseyevsk	57.8406	108.3492	272.48	93	3	1.31	RU	1620491535
450	Selfoss	63.9331	-20.9971	280.37	43	6	3.58	IS	1620491535
451	Maţāy	28.419	30.7792	311.04	6	0	4.37	EG	1620491536
452	Pīshvā	35.308	51.7267	293.71	52	40	2.06	IR	1620491536
453	Séguéla	7.9611	-6.6731	307.89	33	8	1.5	CI	1620491536
454	Luanda	-8.8368	13.2343	299.15	94	75	1.03	AO	1620491180
455	Dubbo	-32.25	148.6167	287.15	82	90	3.6	AU	1620491328
456	Boyuibe	-20.4167	-63.2833	291.15	63	90	3.44	BO	1620491537
457	Palmer	42.1584	-72.3287	287.04	41	90	2.57	US	1620491411
458	Lethem	3.3803	-59.7968	303.87	59	88	1.46	GY	1620491538
459	Sinnamary	5.3833	-52.95	302.01	70	49	6.07	GF	1620491539
460	Maragogi	-9.0122	-35.2225	301.12	75	99	4.66	BR	1620491539
461	Esil	51.9556	66.4042	289.0	53	100	2.62	KZ	1620491540
462	Ponta Delgada	37.7333	-25.6667	291.15	72	75	7.2	PT	1620491540
463	Tara	56.8944	74.371	285.5	62	22	2.72	RU	1620491533
464	Kahului	20.8947	-156.47	294.26	72	20	4.9	US	1620491541
465	Riyadh	24.6877	46.7219	310.15	10	0	3.09	SA	1620491488
466	Vysokogornyy	50.1167	139.15	275.89	96	100	1.88	RU	1620491541
467	Mackay	-21.15	149.2	289.15	88	51	2.57	AU	1620491542
468	Manoel Urbano	-8.8389	-69.2597	301.06	50	93	2.01	BR	1620491542
469	Rocha	-34.4833	-54.3333	290.36	68	100	2.93	UY	1620491543
470	Ambovombe	-25.1667	46.0833	293.78	70	56	7.65	MG	1620491543
471	Bairiki Village	1.3292	172.9752	301.15	78	20	2.06	KI	1620491544
472	Arman'	59.7	150.1667	272.18	85	11	0.54	RU	1620491544
473	Katherine	-14.4667	132.2667	289.15	77	41	1.54	AU	1620491545
474	Aleksandrov Gay	50.147	48.5704	289.8	55	50	2.68	RU	1620491545
475	Qandala	11.472	49.8728	302.83	71	98	0.46	SO	1620491546
476	Pindiga	9.9833	10.9333	308.15	38	20	4.12	NG	1620491546
477	Hue	16.4667	107.6	300.15	89	20	1.03	VN	1620491547
478	Smolenka	52.1352	113.4974	276.15	60	88	2.0	RU	1620491547
479	Sulangan	11.1373	123.7228	301.46	76	100	3.84	PH	1620491548
480	Reitz	-27.8014	28.4273	284.91	35	4	3.75	ZA	1620491548
481	Chernyshevskiy	63.0128	112.4714	273.7	85	69	1.17	RU	1620491549
482	Santa Catarina de Tepehuanes	25.35	-105.7333	299.53	25	6	3.86	MX	1620491403
483	Qarqīn	37.4185	66.0436	303.55	24	76	3.47	AF	1620491549
484	Farmington	36.7281	-108.2187	295.37	19	1	5.14	US	1620491550
485	Jogindarnagar	31.9833	76.7667	293.07	47	50	3.16	IN	1620491550
486	Arinos	-15.9169	-46.1056	305.69	28	6	3.14	BR	1620491551
487	Juneau	58.3019	-134.4197	281.15	81	90	4.63	US	1620491252
488	Belmonte	-15.8631	-38.8828	296.15	94	75	2.06	BR	1620491552
489	Nampula	-15.1165	39.2666	294.15	88	75	1.54	MZ	1620491552
490	Gornopravdinsk	60.05	69.9	282.25	61	22	2.76	RU	1620491552
491	Lorengau	-2.0226	147.2712	300.76	82	100	4.2	PG	1620491553
492	Veseloyarsk	51.2836	81.1056	286.95	41	4	3.09	RU	1620491553
493	Tiznit Province	29.5833	-9.5	293.71	63	4	4.44	MA	1620491554
494	Moerai	-22.4333	-151.3333	296.08	69	100	7.93	PF	1620491554
495	Portland	45.5234	-122.6762	283.15	66	90	2.57	US	1620491555
496	Pangai	-19.8	-174.35	298.2	68	25	13.34	TO	1620491555
497	Valdivia	-39.8142	-73.2459	286.15	94	90	1.03	CL	1620491472
498	Acaraú	-2.8856	-40.12	301.36	76	28	5.41	BR	1620491556
499	Camrose	53.0168	-112.8353	279.15	87	100	8.23	CA	1620491557
500	Dengzhou	37.8086	120.7508	286.12	37	59	3.74	CN	1620491557
501	Kiryat Gat	31.61	34.7642	300.93	49	0	0.45	IL	1620491557
502	Bangassou	4.7413	22.8184	293.59	97	100	1.79	CF	1620491558
503	Lerwick	60.1545	-1.1494	280.15	76	20	7.72	GB	1620491559
504	Taicheng	38.731	113.228	286.31	25	85	2.35	CN	1620491559
505	Codajás	-3.8367	-62.0569	301.26	69	87	2.07	BR	1620491559
506	Salinópolis	-0.6136	-47.3561	301.69	76	77	4.37	BR	1620491406
507	Mendi	-6.1761	143.6513	287.34	98	99	0.11	PG	1620491560
508	Osa	57.2829	55.4567	285.63	80	98	2.0	RU	1620491561
509	Ucluelet	48.9329	-125.5528	281.48	100	90	2.57	CA	1620491421
510	Dakar	14.6937	-17.4441	297.15	69	0	8.23	SN	1620491414
511	Baker City	44.7749	-117.8344	279.82	48	1	3.09	US	1620491562
512	Oruzgan	32.8333	66.0	295.3	27	0	2.36	AF	1620491562
513	Neiafu	-18.65	-173.9833	298.15	57	75	5.14	TO	1620491563
514	Manaure	11.7751	-72.4445	303.9	57	100	7.62	CO	1620491563
515	Río Tercero	-32.173	-64.1141	289.26	61	41	1.79	AR	1620491563
516	São Gabriel da Cachoeira	-0.1303	-67.0892	302.15	74	40	2.57	BR	1620491564
517	Quatre Cocos	-20.2078	57.7625	296.15	68	20	3.09	MU	1620491564
518	Saint-Paul	-21.0096	55.2707	295.37	78	0	2.06	RE	1620491345
519	Memaliaj	40.3517	19.9803	293.71	62	21	0.89	AL	1620491565
520	Elizabeth City	36.2946	-76.2511	292.59	45	1	6.69	US	1620491565
521	Taoudenni	22.6783	-3.9836	313.34	9	0	2.35	ML	1620491566
522	Port Moresby	-9.4431	147.1797	298.26	91	38	2.96	PG	1620491566
523	Alakurtti	66.9672	30.3491	277.04	55	75	1.79	RU	1620491567
524	Lālmohan	22.3384	90.7419	302.38	71	0	5.79	BD	1620491567
525	Brownsville	25.9018	-97.4975	302.15	65	75	8.23	US	1620491174
526	Al Bardīyah	31.7561	25.0865	294.65	78	100	9.22	LY	1620491568
527	Svetlaya	46.5389	138.3297	277.67	94	84	3.6	RU	1620491568
528	Inhambane	-23.865	35.3833	297.15	69	20	2.57	MZ	1620491569
529	Cedar Rapids	42.0083	-91.6441	286.48	40	1	7.2	US	1620491569
530	Ukiah	39.1502	-123.2078	289.82	44	1	1.91	US	1620491570
531	Arrondissement de Montbrison	45.6667	4.0833	301.15	26	0	4.63	FR	1620491570
532	Zhicheng	30.2956	111.5047	295.93	84	0	1.56	CN	1620491571
533	Bozeman	45.6796	-111.0386	277.59	60	90	2.06	US	1620491460
534	Isangel	-19.55	169.2667	299.15	83	75	6.91	VU	1620491571
535	Salem	11.65	78.1667	302.7	59	94	3.32	IN	1620491400
536	São José da Coroa Grande	-8.8978	-35.1478	301.33	72	94	4.38	BR	1620491572
537	Dwārka	22.2394	68.9678	301.92	79	3	6.83	IN	1620491572
538	Sos'va	59.1766	61.8558	287.12	66	99	0.68	RU	1620491573
539	Beloha	-25.1667	45.05	292.47	68	36	5.5	MG	1620491573
540	Kudahuvadhoo	2.6708	72.8944	302.51	69	17	1.48	MV	1620491574
541	Havelock	34.8791	-76.9013	295.93	28	1	9.77	US	1620491485
542	Nizhniy Tsasuchey	50.5167	115.1333	279.34	48	52	1.81	RU	1620491574
543	Murdochville	48.9583	-65.5006	277.15	87	100	2.06	CA	1620491575
544	Gorontalo	0.5412	123.0595	297.6	94	100	0.89	ID	1620491576
545	Qui Nhon	13.7667	109.2333	298.66	87	100	1.81	VN	1620491576
546	Coquimbo	-29.9533	-71.3436	291.15	63	0	5.14	CL	1620491577
547	Xichang	27.8964	102.2634	289.71	85	93	0.85	CN	1620491577
